4 
5  12 25 39 48 
6  03 10 18 25 30 35 40 45 50 55 
7  00 05 10 15 20 25 30 35 40 45 50 55 
8  00 05 10 15 20 25 30 37 45 53 
9  01 08 16 23 30 38 45 53 
10  00 08 15 23 30 38 45 53 
11  00 08 15 23 30 38 45 53 
12  00 08 15 23 30 38 45 53 
13  01 09 16 24 31 39 46 53 
14  01 09 16 24 30 38 45 50 55 
15  00 05 10 15 20 25 30 35 40 45 50 55 
16  00 05 10 15 20 25 30 35 40 45 50 55 
17  00 05 10 15 20 25 30 35 40 45 50 55 
18  00 05 10 15 20 25 34 40 47 53 
19  00 08 15 23 31 38 45 53 
20  00 08 15 22 30 38 45 52 
21  00 08 15 23 30 38 45 54 
22  09 26 40 
23  00 15 34 
0 
