4 
5  37 50 
6  04 13 28 35 43 50 55 
7  00 05 10 15 20 25 30 35 40 45 50 55 
8  00 05 10 15 20 25 30 35 40 45 50 55 
9  02 10 18 26 33 41 48 55 
10  03 10 18 25 33 40 48 55 
11  03 10 18 25 33 40 48 55 
12  03 10 18 25 33 40 48 55 
13  03 10 18 26 34 41 49 56 
14  04 11 18 26 34 41 49 55 
15  03 10 15 20 25 30 35 40 45 50 55 
16  00 05 10 15 20 25 30 35 40 45 50 55 
17  00 05 10 15 20 25 30 35 40 45 50 55 
18  00 05 10 15 20 25 30 35 40 45 50 59 
19  05 12 18 25 33 40 48 56 
20  03 10 18 25 33 40 47 55 
21  03 10 17 25 33 40 48 55 
22  03 10 19 34 51 
23  05 25 40 59 
0 
1 
