4 
5  09 22 36 45 
6  00 07 15 22 27 32 37 42 47 52 57 
7  02 07 12 17 22 27 32 37 42 47 52 57 
8  02 07 12 17 22 27 34 42 50 58 
9  05 13 20 27 35 42 50 57 
10  05 12 20 27 35 42 50 57 
11  05 12 20 27 35 42 50 57 
12  05 12 20 27 35 42 50 58 
13  06 13 21 28 36 43 50 58 
14  06 13 21 27 35 42 47 52 57 
15  02 07 12 17 22 27 32 37 42 47 52 57 
16  02 07 12 17 22 27 32 37 42 47 52 57 
17  02 07 12 17 22 27 32 37 42 47 52 57 
18  02 07 12 17 22 31 37 44 50 57 
19  05 12 20 28 35 42 50 57 
20  05 12 19 27 35 42 49 57 
21  05 12 20 27 35 42 51 
22  06 23 37 57 
23  12 31 
0 
