4 
5  18 31 45 54 
6  09 16 24 31 36 41 46 51 56 
7  01 06 11 16 21 26 31 36 41 46 51 56 
8  01 06 11 16 21 26 31 36 43 51 59 
9  07 14 22 29 36 44 51 59 
10  06 14 21 29 36 44 51 59 
11  06 14 21 29 36 44 51 59 
12  06 14 21 29 36 44 51 59 
13  07 15 22 30 37 45 52 59 
14  07 15 22 30 36 44 51 56 
15  01 06 11 16 21 26 31 36 41 46 51 56 
16  01 06 11 16 21 26 31 36 41 46 51 56 
17  01 06 11 16 21 26 31 36 41 46 51 56 
18  01 06 11 16 21 26 31 40 46 53 59 
19  06 14 21 29 37 44 51 59 
20  06 14 21 28 36 44 51 58 
21  06 14 21 29 36 44 51 
22  00 15 32 46 
23  06 21 40 
0 
