4 
5  34 47 
6  01 10 25 32 40 47 52 57 
7  02 07 12 17 22 27 32 37 42 47 52 57 
8  02 07 12 17 22 27 32 37 42 47 52 59 
9  07 15 23 30 38 45 52 
10  00 07 15 22 30 37 45 52 
11  00 07 15 22 30 37 45 52 
12  00 07 15 22 30 37 45 52 
13  00 07 15 23 31 38 46 53 
14  01 08 15 23 31 38 46 52 
15  00 07 12 17 22 27 32 37 42 47 52 57 
16  02 07 12 17 22 27 32 37 42 47 52 57 
17  02 07 12 17 22 27 32 37 42 47 52 57 
18  02 07 12 17 22 27 32 37 42 47 56 
19  02 09 15 22 30 37 45 53 
20  00 07 15 22 30 37 44 52 
21  00 07 14 22 30 37 45 52 
22  00 07 16 31 48 
23  02 22 37 56 
0 
1 
