4 
5  26 39 53 
6  02 17 24 32 39 44 49 54 59 
7  04 09 14 19 24 29 34 39 44 49 54 59 
8  04 09 14 19 24 29 34 39 44 51 59 
9  07 15 22 30 37 44 52 59 
10  07 14 22 29 37 44 52 59 
11  07 14 22 29 37 44 52 59 
12  07 14 22 29 37 44 52 59 
13  07 15 23 30 38 45 53 
14  00 07 15 23 30 38 44 52 59 
15  04 09 14 19 24 29 34 39 44 49 54 59 
16  04 09 14 19 24 29 34 39 44 49 54 59 
17  04 09 14 19 24 29 34 39 44 49 54 59 
18  04 09 14 19 24 29 34 39 48 54 
19  01 07 14 22 29 37 45 52 59 
20  07 14 22 29 36 44 52 59 
21  06 14 22 29 37 44 52 59 
22  08 23 40 54 
23  14 29 48 
0 
