4 
5  06 19 33 42 57 
6  04 12 19 24 29 34 39 44 49 54 59 
7  04 09 14 19 24 29 34 39 44 49 54 59 
8  04 09 14 19 24 31 39 47 55 
9  02 10 17 24 32 39 47 54 
10  02 09 17 24 32 39 47 54 
11  02 09 17 24 32 39 47 54 
12  02 09 17 24 32 39 47 55 
13  03 10 18 25 33 40 47 55 
14  03 10 18 24 32 39 44 49 54 59 
15  04 09 14 19 24 29 34 39 44 49 54 59 
16  04 09 14 19 24 29 34 39 44 49 54 59 
17  04 09 14 19 24 29 34 39 44 49 54 59 
18  04 09 14 19 28 34 41 47 54 
19  02 09 17 25 32 39 47 54 
20  02 09 16 24 32 39 46 54 
21  02 09 17 24 32 39 48 
22  03 20 34 54 
23  09 28 
0 
