4 
5  04 17 31 40 55 
6  02 10 17 22 27 32 37 42 47 52 57 
7  02 07 12 17 22 27 32 37 42 47 52 57 
8  02 07 12 17 22 29 37 45 53 
9  00 08 15 22 30 37 45 52 
10  00 07 15 22 30 37 45 52 
11  00 07 15 22 30 37 45 52 
12  00 07 15 22 30 37 45 53 
13  01 08 16 23 31 38 45 53 
14  01 08 16 22 30 37 42 47 52 57 
15  02 07 12 17 22 27 32 37 42 47 52 57 
16  02 07 12 17 22 27 32 37 42 47 52 57 
17  02 07 12 17 22 27 32 37 42 47 52 57 
18  02 07 12 17 26 32 39 45 52 
19  00 07 15 23 30 37 45 52 
20  00 07 14 22 30 37 44 52 
21  00 07 15 22 30 37 46 
22  01 18 32 52 
23  07 26 
0 
