4 
5  11 24 38 47 
6  02 09 17 24 29 34 39 44 49 54 59 
7  04 09 14 19 24 29 34 39 44 49 54 59 
8  04 09 14 19 24 29 36 44 52 
9  00 07 15 22 29 37 44 52 59 
10  07 14 22 29 37 44 52 59 
11  07 14 22 29 37 44 52 59 
12  07 14 22 29 37 44 52 
13  00 08 15 23 30 38 45 52 
14  00 08 15 23 29 37 44 49 54 59 
15  04 09 14 19 24 29 34 39 44 49 54 59 
16  04 09 14 19 24 29 34 39 44 49 54 59 
17  04 09 14 19 24 29 34 39 44 49 54 59 
18  04 09 14 19 24 33 39 46 52 59 
19  07 14 22 30 37 44 52 59 
20  07 14 21 29 37 44 51 59 
21  07 14 22 29 37 44 53 
22  08 25 39 59 
23  14 33 
0 
