4 
5  35 48 
6  02 11 26 33 41 48 53 58 
7  03 08 13 18 23 28 33 38 43 48 53 58 
8  03 08 13 18 23 28 33 38 43 48 53 
9  00 08 16 24 31 39 46 53 
10  01 08 16 23 31 38 46 53 
11  01 08 16 23 31 38 46 53 
12  01 08 16 23 31 38 46 53 
13  01 08 16 24 32 39 47 54 
14  02 09 16 24 32 39 47 53 
15  01 08 13 18 23 28 33 38 43 48 53 58 
16  03 08 13 18 23 28 33 38 43 48 53 58 
17  03 08 13 18 23 28 33 38 43 48 53 58 
18  03 08 13 18 23 28 33 38 43 48 57 
19  03 10 16 23 31 38 46 54 
20  01 08 16 23 31 38 45 53 
21  01 08 15 23 31 38 46 53 
22  01 08 17 32 49 
23  03 23 38 57 
0 
1 
