4 
5  17 30 44 53 
6  08 15 23 30 35 40 45 50 55 
7  00 05 10 15 20 25 30 35 40 45 50 55 
8  00 05 10 15 20 25 30 35 42 50 58 
9  06 13 21 28 35 43 50 58 
10  05 13 20 28 35 43 50 58 
11  05 13 20 28 35 43 50 58 
12  05 13 20 28 35 43 50 58 
13  06 14 21 29 36 44 51 58 
14  06 14 21 29 35 43 50 55 
15  00 05 10 15 20 25 30 35 40 45 50 55 
16  00 05 10 15 20 25 30 35 40 45 50 55 
17  00 05 10 15 20 25 30 35 40 45 50 55 
18  00 05 10 15 20 25 30 39 45 52 58 
19  05 13 20 28 36 43 50 58 
20  05 13 20 27 35 43 50 57 
21  05 13 20 28 35 43 50 59 
22  14 31 45 
23  05 20 39 
0 
