4 
5  05 18 32 41 56 
6  03 11 18 23 28 33 38 43 48 53 58 
7  03 08 13 18 23 28 33 38 43 48 53 58 
8  03 08 13 18 23 30 38 46 54 
9  01 09 16 23 31 38 46 53 
10  01 08 16 23 31 38 46 53 
11  01 08 16 23 31 38 46 53 
12  01 08 16 23 31 38 46 54 
13  02 09 17 24 32 39 46 54 
14  02 09 17 23 31 38 43 48 53 58 
15  03 08 13 18 23 28 33 38 43 48 53 58 
16  03 08 13 18 23 28 33 38 43 48 53 58 
17  03 08 13 18 23 28 33 38 43 48 53 58 
18  03 08 13 18 27 33 40 46 53 
19  01 08 16 24 31 38 46 53 
20  01 08 15 23 31 38 45 53 
21  01 08 16 23 31 38 47 
22  02 19 33 53 
23  08 27 
0 
