4 
5  14 36 52 
6  06 15 20 25 30 36 40 46 50 55 
7  00 05 10 15 21 25 31 35 40 45 50 55 
8  00 05 10 15 20 25 30 35 40 45 50 55 
9  00 05 10 15 23 30 38 45 53 
10  01 09 16 24 33 40 48 55 
11  03 10 18 25 33 40 48 55 
12  03 10 18 25 33 40 48 55 
13  03 10 18 25 33 40 48 55 
14  03 10 18 25 33 40 49 56 
15  01 06 11 16 21 25 31 36 40 46 51 55 
16  01 06 10 16 21 25 31 36 40 46 51 55 
17  01 06 10 16 21 25 31 36 40 46 51 55 
18  01 06 10 16 21 25 31 36 40 46 51 55 
19  01 06 15 20 27 34 42 50 57 
20  06 15 24 32 39 46 54 
21  02 09 17 24 32 39 47 54 
22  06 21 36 51 
23  06 21 36 
0 
