3 
4  51 
5  13 29 43 52 57 
6  02 07 13 17 23 27 32 37 42 47 52 58 
7  02 08 12 17 22 27 32 37 42 47 52 57 
8  02 07 12 17 22 27 32 37 42 47 52 
9  00 07 15 22 30 38 46 53 
10  01 10 17 25 32 40 47 55 
11  02 10 17 25 32 40 47 55 
12  02 10 17 25 32 40 47 55 
13  02 10 17 25 32 40 47 55 
14  02 10 17 26 33 38 43 48 53 58 
15  02 08 13 17 23 28 32 38 43 47 53 58 
16  02 08 13 17 23 28 32 38 43 47 53 58 
17  02 08 13 17 23 28 32 38 43 47 53 58 
18  02 08 13 17 23 28 32 38 43 52 57 
19  04 11 19 27 34 43 52 
20  01 09 16 23 31 39 46 54 
21  01 09 16 24 31 43 58 
22  13 28 43 58 
23  13 
0 
