4 
5  22 44 
6  00 14 23 28 33 38 44 48 54 58 
7  03 08 13 18 23 29 33 39 43 48 53 58 
8  03 08 13 18 23 28 33 38 43 48 53 58 
9  03 08 13 18 23 31 38 46 53 
10  01 09 17 24 32 41 48 56 
11  03 11 18 26 33 41 48 56 
12  03 11 18 26 33 41 48 56 
13  03 11 18 26 33 41 48 56 
14  03 11 18 26 33 41 48 57 
15  04 09 14 19 24 29 33 39 44 48 54 59 
16  03 09 14 18 24 29 33 39 44 48 54 59 
17  03 09 14 18 24 29 33 39 44 48 54 59 
18  03 09 14 18 24 29 33 39 44 48 54 59 
19  03 09 14 23 28 35 42 50 58 
20  05 14 23 32 40 47 54 
21  02 10 17 25 32 40 47 55 
22  02 14 29 44 59 
23  14 29 44 
0 
