4 
5  12 34 50 
6  04 13 18 23 28 34 38 44 48 53 58 
7  03 08 13 19 23 29 33 38 43 48 53 58 
8  03 08 13 18 23 28 33 38 43 48 53 58 
9  03 08 13 21 28 36 43 51 59 
10  07 14 22 31 38 46 53 
11  01 08 16 23 31 38 46 53 
12  01 08 16 23 31 38 46 53 
13  01 08 16 23 31 38 46 53 
14  01 08 16 23 31 38 47 54 59 
15  04 09 14 19 23 29 34 38 44 49 53 59 
16  04 08 14 19 23 29 34 38 44 49 53 59 
17  04 08 14 19 23 29 34 38 44 49 53 59 
18  04 08 14 19 23 29 34 38 44 49 53 59 
19  04 13 18 25 32 40 48 55 
20  04 13 22 30 37 44 52 
21  00 07 15 22 30 37 45 52 
22  04 19 34 49 
23  04 19 34 
0 
