4 
5  07 29 45 59 
6  08 13 18 23 29 33 39 43 48 53 58 
7  03 08 14 18 24 28 33 38 43 48 53 58 
8  03 08 13 18 23 28 33 38 43 48 53 58 
9  03 08 16 23 31 38 46 54 
10  02 09 17 26 33 41 48 56 
11  03 11 18 26 33 41 48 56 
12  03 11 18 26 33 41 48 56 
13  03 11 18 26 33 41 48 56 
14  03 11 18 26 33 42 49 54 59 
15  04 09 14 18 24 29 33 39 44 48 54 59 
16  03 09 14 18 24 29 33 39 44 48 54 59 
17  03 09 14 18 24 29 33 39 44 48 54 59 
18  03 09 14 18 24 29 33 39 44 48 54 59 
19  08 13 20 27 35 43 50 59 
20  08 17 25 32 39 47 55 
21  02 10 17 25 32 40 47 59 
22  14 29 44 59 
23  14 29 
0 
