4 
5  04 26 42 56 
6  05 10 15 20 26 30 36 40 45 50 55 
7  00 05 11 15 21 25 30 35 40 45 50 55 
8  00 05 10 15 20 25 30 35 40 45 50 55 
9  00 05 13 20 28 35 43 51 59 
10  06 14 23 30 38 45 53 
11  00 08 15 23 30 38 45 53 
12  00 08 15 23 30 38 45 53 
13  00 08 15 23 30 38 45 53 
14  00 08 15 23 30 39 46 51 56 
15  01 06 11 15 21 26 30 36 41 45 51 56 
16  00 06 11 15 21 26 30 36 41 45 51 56 
17  00 06 11 15 21 26 30 36 41 45 51 56 
18  00 06 11 15 21 26 30 36 41 45 51 56 
19  05 10 17 24 32 40 47 56 
20  05 14 22 29 36 44 52 59 
21  07 14 22 29 37 44 56 
22  11 26 41 56 
23  11 26 
0 
