3 
4  57 
5  19 35 49 58 
6  03 08 13 19 23 29 33 38 43 48 53 58 
7  04 08 14 18 23 28 33 38 43 48 53 58 
8  03 08 13 18 23 28 33 38 43 48 53 58 
9  06 13 21 28 36 44 52 59 
10  07 16 23 31 38 46 53 
11  01 08 16 23 31 38 46 53 
12  01 08 16 23 31 38 46 53 
13  01 08 16 23 31 38 46 53 
14  01 08 16 23 32 39 44 49 54 59 
15  04 08 14 19 23 29 34 38 44 49 53 59 
16  04 08 14 19 23 29 34 38 44 49 53 59 
17  04 08 14 19 23 29 34 38 44 49 53 59 
18  04 08 14 19 23 29 34 38 44 49 58 
19  03 10 17 25 33 40 49 58 
20  07 15 22 29 37 45 52 
21  00 07 15 22 30 37 49 
22  04 19 34 49 
23  04 19 
0 
