4 
5  19 41 57 
6  11 20 25 30 35 41 45 51 55 
7  00 05 10 15 20 26 30 36 40 45 50 55 
8  00 05 10 15 20 25 30 35 40 45 50 55 
9  00 05 10 15 20 28 35 43 50 58 
10  06 14 21 29 38 45 53 
11  00 08 15 23 30 38 45 53 
12  00 08 15 23 30 38 45 53 
13  00 08 15 23 30 38 45 53 
14  00 08 15 23 30 38 45 54 
15  01 06 11 16 21 26 30 36 41 45 51 56 
16  00 06 11 15 21 26 30 36 41 45 51 56 
17  00 06 11 15 21 26 30 36 41 45 51 56 
18  00 06 11 15 21 26 30 36 41 45 51 56 
19  00 06 11 20 25 32 39 47 55 
20  02 11 20 29 37 44 51 59 
21  07 14 22 29 37 44 52 59 
22  11 26 41 56 
23  11 26 41 
0 
