4 
5  17 39 55 
6  09 18 23 28 33 39 43 49 53 58 
7  03 08 13 18 24 28 34 38 43 48 53 58 
8  03 08 13 18 23 28 33 38 43 48 53 58 
9  03 08 13 18 26 33 41 48 56 
10  04 12 19 27 36 43 51 58 
11  06 13 21 28 36 43 51 58 
12  06 13 21 28 36 43 51 58 
13  06 13 21 28 36 43 51 58 
14  06 13 21 28 36 43 52 59 
15  04 09 14 19 24 28 34 39 43 49 54 58 
16  04 09 13 19 24 28 34 39 43 49 54 58 
17  04 09 13 19 24 28 34 39 43 49 54 58 
18  04 09 13 19 24 28 34 39 43 49 54 58 
19  04 09 18 23 30 37 45 53 
20  00 09 18 27 35 42 49 57 
21  05 12 20 27 35 42 50 57 
22  09 24 39 54 
23  09 24 39 
0 
