3 
4  50 
5  12 28 42 51 56 
6  01 06 12 16 22 26 31 36 41 46 51 57 
7  01 07 11 16 21 26 31 36 41 46 51 56 
8  01 06 11 16 21 26 31 36 41 46 51 59 
9  06 14 21 29 37 45 52 
10  00 09 16 24 31 39 46 54 
11  01 09 16 24 31 39 46 54 
12  01 09 16 24 31 39 46 54 
13  01 09 16 24 31 39 46 54 
14  01 09 16 25 32 37 42 47 52 57 
15  01 07 12 16 22 27 31 37 42 46 52 57 
16  01 07 12 16 22 27 31 37 42 46 52 57 
17  01 07 12 16 22 27 31 37 42 46 52 57 
18  01 07 12 16 22 27 31 37 42 51 56 
19  03 10 18 26 33 42 51 
20  00 08 15 22 30 38 45 53 
21  00 08 15 23 30 42 57 
22  12 27 42 57 
23  12 
0 
