3 
4  53 
5  15 31 45 54 59 
6  04 09 15 19 25 29 34 39 44 49 54 
7  00 04 10 14 19 24 29 34 39 44 49 54 59 
8  04 09 14 19 24 29 34 39 44 49 54 
9  02 09 17 24 32 40 48 55 
10  03 12 19 27 34 42 49 57 
11  04 12 19 27 34 42 49 57 
12  04 12 19 27 34 42 49 57 
13  04 12 19 27 34 42 49 57 
14  04 12 19 28 35 40 45 50 55 
15  00 04 10 15 19 25 30 34 40 45 49 55 
16  00 04 10 15 19 25 30 34 40 45 49 55 
17  00 04 10 15 19 25 30 34 40 45 49 55 
18  00 04 10 15 19 25 30 34 40 45 54 59 
19  06 13 21 29 36 45 54 
20  03 11 18 25 33 41 48 56 
21  03 11 18 26 33 45 
22  00 15 30 45 
23  00 15 
0 
