4 
5  32 48 
6  03 18 34 44 49 54 59 
7  04 09 14 19 24 29 34 39 44 49 54 59 
8  04 09 14 19 24 29 34 39 44 49 54 59 
9  04 09 14 19 24 29 34 39 44 49 54 59 
10  05 11 19 26 34 41 49 56 
11  04 11 19 26 34 41 49 56 
12  04 11 19 26 34 41 49 56 
13  04 11 21 28 36 43 50 58 
14  06 13 21 28 36 43 50 58 
15  06 13 21 26 31 35 41 46 51 56 
16  01 05 11 16 20 26 31 35 41 46 50 56 
17  01 05 11 16 20 26 31 35 41 46 50 56 
18  01 05 11 16 21 26 31 36 41 46 51 56 
19  01 06 11 15 21 27 34 41 49 56 
20  04 11 19 25 32 40 48 55 
21  06 21 28 36 51 
22  06 21 31 46 
23  01 16 30 
0 
