3 
4 
5  23 39 54 
6  09 25 35 40 45 50 55 
7  00 05 10 15 20 25 30 35 40 45 50 55 
8  00 05 10 15 20 25 30 35 40 45 50 55 
9  00 05 10 15 20 25 30 35 40 45 50 56 
10  02 10 17 25 32 40 47 55 
11  02 10 17 25 32 40 47 55 
12  02 10 17 25 32 40 47 55 
13  02 12 19 27 34 41 49 57 
14  04 12 19 27 34 41 49 57 
15  04 12 17 22 26 32 37 42 47 52 56 
16  02 07 11 17 22 26 32 37 41 47 52 56 
17  02 07 11 17 22 26 32 37 41 47 52 56 
18  02 07 12 17 22 27 32 37 42 47 52 57 
19  02 06 12 18 25 32 40 47 55 
20  02 10 16 23 31 39 46 57 
21  12 19 27 42 57 
22  12 22 37 52 
23  08 22 
0 
