3 
4 
5  06 22 37 52 
6  08 18 23 28 33 38 43 48 53 58 
7  03 08 13 18 23 28 33 38 43 48 53 58 
8  03 08 13 18 23 28 33 38 43 48 53 58 
9  03 08 13 18 23 28 33 39 45 53 
10  00 08 15 23 30 38 45 53 
11  00 08 15 23 30 38 45 53 
12  00 08 15 23 30 38 45 53 
13  00 08 15 22 30 38 45 53 
14  00 08 15 22 30 38 45 53 58 
15  03 07 13 18 23 28 33 37 43 48 52 58 
16  03 07 13 18 22 28 33 37 43 48 52 58 
17  03 07 13 18 22 28 33 37 43 48 53 58 
18  03 08 13 18 23 28 33 38 43 49 55 
19  01 08 15 23 30 38 45 53 59 
20  06 14 22 29 40 55 
21  02 10 25 40 55 
22  05 20 35 51 
23  06 
0 
