3 
4 
5  03 19 34 49 
6  05 15 20 25 30 35 40 45 50 55 
7  00 05 10 15 20 25 30 35 40 45 50 55 
8  00 05 10 15 20 25 30 35 40 45 50 55 
9  00 05 10 15 20 25 30 36 42 50 57 
10  05 12 20 27 35 42 50 57 
11  05 12 20 27 35 42 50 57 
12  05 12 20 27 35 42 50 57 
13  05 12 19 27 35 42 50 57 
14  05 12 19 27 35 42 50 55 
15  00 04 10 15 20 25 30 34 40 45 49 55 
16  00 04 10 15 19 25 30 34 40 45 49 55 
17  00 04 10 15 19 25 30 34 40 45 50 55 
18  00 05 10 15 20 25 30 35 40 46 52 58 
19  05 12 20 27 35 42 50 56 
20  03 11 19 26 37 52 59 
21  07 22 37 52 
22  02 17 32 48 
23  03 
0 
