3 
4  51 
5  07 22 37 53 
6  03 08 13 18 23 28 33 38 43 48 53 58 
7  03 08 13 18 23 28 33 38 43 48 53 58 
8  03 08 13 18 23 28 33 38 43 48 53 58 
9  03 08 13 18 24 30 38 45 53 
10  00 08 15 23 30 38 45 53 
11  00 08 15 23 30 38 45 53 
12  00 08 15 23 30 38 45 53 
13  00 07 15 23 30 38 45 53 
14  00 07 15 23 30 38 43 48 52 58 
15  03 08 13 18 22 28 33 37 43 48 52 58 
16  03 07 13 18 22 28 33 37 43 48 52 58 
17  03 07 13 18 22 28 33 38 43 48 53 58 
18  03 08 13 18 23 28 34 40 46 53 
19  00 08 15 23 30 38 44 51 59 
20  07 14 25 40 47 55 
21  10 25 40 50 
22  05 20 36 51 
23 
