3 
4  58 
5  14 29 44 
6  00 10 15 20 25 30 35 40 45 50 55 
7  00 05 10 15 20 25 30 35 40 45 50 55 
8  00 05 10 15 20 25 30 35 40 45 50 55 
9  00 05 10 15 20 25 31 37 45 52 
10  00 07 15 22 30 37 45 52 
11  00 07 15 22 30 37 45 52 
12  00 07 15 22 30 37 45 52 
13  00 07 14 22 30 37 45 52 
14  00 07 14 22 30 37 45 50 55 59 
15  05 10 15 20 25 29 35 40 44 50 55 59 
16  05 10 14 20 25 29 35 40 44 50 55 59 
17  05 10 14 20 25 29 35 40 45 50 55 
18  00 05 10 15 20 25 30 35 41 47 53 
19  00 07 15 22 30 37 45 51 58 
20  06 14 21 32 47 54 
21  02 17 32 47 57 
22  12 27 43 58 
23 
0 
