3 
4  52 
5  08 23 38 54 
6  04 09 14 19 24 29 34 39 44 49 54 59 
7  04 09 14 19 24 29 34 39 44 49 54 59 
8  04 09 14 19 24 29 34 39 44 49 54 59 
9  04 09 14 19 25 31 39 46 54 
10  01 09 16 24 31 39 46 54 
11  01 09 16 24 31 39 46 54 
12  01 09 16 24 31 39 46 54 
13  01 08 16 24 31 39 46 54 
14  01 08 16 24 31 39 44 49 53 59 
15  04 09 14 19 23 29 34 38 44 49 53 59 
16  04 08 14 19 23 29 34 38 44 49 53 59 
17  04 08 14 19 23 29 34 39 44 49 54 59 
18  04 09 14 19 24 29 35 41 47 54 
19  01 09 16 24 31 39 45 52 
20  00 08 15 26 41 48 56 
21  11 26 41 51 
22  06 21 37 52 
23 
