3 
4  55 
5  11 26 41 57 
6  07 12 17 22 27 32 37 42 47 52 57 
7  02 07 12 17 22 27 32 37 42 47 52 57 
8  02 07 12 17 22 27 32 37 42 47 52 57 
9  02 07 12 17 22 28 34 42 49 57 
10  04 12 19 27 34 42 49 57 
11  04 12 19 27 34 42 49 57 
12  04 12 19 27 34 42 49 57 
13  04 11 19 27 34 42 49 57 
14  04 11 19 27 34 42 47 52 56 
15  02 07 12 17 22 26 32 37 41 47 52 56 
16  02 07 11 17 22 26 32 37 41 47 52 56 
17  02 07 11 17 22 26 32 37 42 47 52 57 
18  02 07 12 17 22 27 32 38 44 50 57 
19  04 12 19 27 34 42 48 55 
20  03 11 18 29 44 51 59 
21  14 29 44 54 
22  09 24 40 55 
23 
0 
