4 
5  28 44 59 
6  14 30 40 45 50 55 
7  00 05 10 15 20 25 30 35 40 45 50 55 
8  00 05 10 15 20 25 30 35 40 45 50 55 
9  00 05 10 15 20 25 30 35 40 45 50 55 
10  01 07 15 22 30 37 45 52 
11  00 07 15 22 30 37 45 52 
12  00 07 15 22 30 37 45 52 
13  00 07 17 24 32 39 46 54 
14  02 09 17 24 32 39 46 54 
15  02 09 17 22 27 31 37 42 47 52 57 
16  01 07 12 16 22 27 31 37 42 46 52 57 
17  01 07 12 16 22 27 31 37 42 46 52 57 
18  01 07 12 17 22 27 32 37 42 47 52 57 
19  02 07 11 17 23 30 37 45 52 
20  00 07 15 21 28 36 44 51 
21  02 17 24 32 47 
22  02 17 27 42 57 
23  13 27 
0 
