4 
5  41 57 
6  12 27 43 53 58 
7  03 08 13 18 23 28 33 38 43 48 53 58 
8  03 08 13 18 23 28 33 38 43 48 53 58 
9  03 08 13 18 23 28 33 38 43 48 53 58 
10  03 08 14 20 28 35 43 50 58 
11  05 13 20 28 35 43 50 58 
12  05 13 20 28 35 43 50 58 
13  05 13 20 30 37 45 52 59 
14  07 15 22 30 37 45 52 59 
15  07 15 22 30 35 40 44 50 55 
16  00 05 10 14 20 25 29 35 40 44 50 55 59 
17  05 10 14 20 25 29 35 40 44 50 55 59 
18  05 10 14 20 25 30 35 40 45 50 55 
19  00 05 10 15 20 24 30 36 43 50 58 
20  05 13 20 28 34 41 49 57 
21  04 15 30 37 45 
22  00 15 30 40 55 
23  10 25 39 
0 
