4 
5  45 
6  01 16 31 47 57 
7  02 07 12 17 22 27 32 37 42 47 52 57 
8  02 07 12 17 22 27 32 37 42 47 52 57 
9  02 07 12 17 22 27 32 37 42 47 52 57 
10  02 07 12 18 24 32 39 47 54 
11  02 09 17 24 32 39 47 54 
12  02 09 17 24 32 39 47 54 
13  02 09 17 24 34 41 49 56 
14  03 11 19 26 34 41 49 56 
15  03 11 19 26 34 39 44 48 54 59 
16  04 09 14 18 24 29 33 39 44 48 54 59 
17  03 09 14 18 24 29 33 39 44 48 54 59 
18  03 09 14 18 24 29 34 39 44 49 54 59 
19  04 09 14 19 24 28 34 40 47 54 
20  02 09 17 24 32 38 45 53 
21  01 08 19 34 41 49 
22  04 19 34 44 59 
23  13 28 42 
0 
