3 
4 
5  18 34 49 
6  04 20 30 35 40 45 50 55 
7  00 05 10 15 20 25 30 35 40 45 50 55 
8  00 05 10 15 20 25 30 35 40 45 50 55 
9  00 05 10 15 20 25 30 35 40 45 51 57 
10  05 12 20 27 35 42 50 57 
11  05 12 20 27 35 42 50 57 
12  05 12 20 27 35 42 50 57 
13  05 12 20 27 34 42 50 57 
14  05 12 20 27 34 42 50 57 
15  05 10 15 19 25 30 35 40 45 49 55 
16  00 04 10 15 19 25 30 34 40 45 49 55 
17  00 04 10 15 19 25 30 34 40 45 49 55 
18  00 05 10 15 20 25 30 35 40 45 50 55 
19  01 07 13 20 27 35 42 50 57 
20  05 11 18 26 34 41 52 
21  07 14 22 37 52 
22  07 17 32 47 
23  03 17 
0 
