4 
5  30 46 
6  01 16 32 42 47 52 57 
7  02 07 12 17 22 27 32 37 42 47 52 57 
8  02 07 12 17 22 27 32 37 42 47 52 57 
9  02 07 12 17 22 27 32 37 42 47 52 57 
10  03 09 17 24 32 39 47 54 
11  02 09 17 24 32 39 47 54 
12  02 09 17 24 32 39 47 54 
13  02 09 19 26 34 41 48 56 
14  04 11 19 26 34 41 48 56 
15  04 11 19 24 29 33 39 44 49 54 59 
16  03 09 14 18 24 29 33 39 44 48 54 59 
17  03 09 14 18 24 29 33 39 44 48 54 59 
18  03 09 14 19 24 29 34 39 44 49 54 59 
19  04 09 13 19 25 32 39 47 54 
20  02 09 17 23 30 38 46 53 
21  04 19 26 34 49 
22  04 19 29 44 59 
23  15 29 
0 
