4 
5  43 59 
6  14 29 45 55 
7  00 05 10 15 20 25 30 35 40 45 50 55 
8  00 05 10 15 20 25 30 35 40 45 50 55 
9  00 05 10 15 20 25 30 35 40 45 50 55 
10  00 05 10 16 22 30 37 45 52 
11  00 07 15 22 30 37 45 52 
12  00 07 15 22 30 37 45 52 
13  00 07 15 22 32 39 47 54 
14  01 09 17 24 32 39 47 54 
15  01 09 17 24 32 37 42 46 52 57 
16  02 07 12 16 22 27 31 37 42 46 52 57 
17  01 07 12 16 22 27 31 37 42 46 52 57 
18  01 07 12 16 22 27 32 37 42 47 52 57 
19  02 07 12 17 22 26 32 38 45 52 
20  00 07 15 22 30 36 43 51 59 
21  06 17 32 39 47 
22  02 17 32 42 57 
23  12 27 41 
0 
