4 
5  47 
6  03 18 33 49 59 
7  04 09 14 19 24 29 34 39 44 49 54 59 
8  04 09 14 19 24 29 34 39 44 49 54 59 
9  04 09 14 19 24 29 34 39 44 49 54 59 
10  04 09 14 20 26 34 41 49 56 
11  04 11 19 26 34 41 49 56 
12  04 11 19 26 34 41 49 56 
13  04 11 19 26 36 43 51 58 
14  05 13 21 28 36 43 51 58 
15  05 13 21 28 36 41 46 50 56 
16  01 06 11 16 20 26 31 35 41 46 50 56 
17  01 05 11 16 20 26 31 35 41 46 50 56 
18  01 05 11 16 20 26 31 36 41 46 51 56 
19  01 06 11 16 21 26 30 36 42 49 56 
20  04 11 19 26 34 40 47 55 
21  03 10 21 36 43 51 
22  06 21 36 46 
23  01 14 29 43 
0 
