3 
4  50 
5  05 20 35 50 
6  02 08 14 19 23 29 34 39 44 49 54 59 
7  04 09 14 19 24 29 34 39 44 49 54 59 
8  04 09 14 19 24 29 34 39 44 49 54 59 
9  04 10 15 20 27 35 42 50 57 
10  05 13 20 28 35 43 50 58 
11  05 13 20 28 35 43 50 58 
12  05 13 20 28 35 43 50 58 
13  05 13 20 28 35 43 50 58 
14  05 13 20 26 30 35 40 45 50 55 
15  00 05 10 15 20 25 30 35 40 45 50 55 
16  00 05 10 15 20 25 30 35 40 45 50 55 
17  00 05 10 15 20 25 30 35 40 45 50 55 
18  00 07 14 22 28 34 39 45 50 54 
19  00 07 14 22 30 37 45 52 59 
20  07 15 27 42 57 
21  12 27 42 57 
22  12 27 42 57 
23  12 
0 
