3 
4  46 
5  01 16 31 46 58 
6  04 10 15 19 25 30 35 40 45 50 55 
7  00 05 10 15 20 25 30 35 40 45 50 55 
8  00 05 10 15 20 25 30 35 40 45 50 55 
9  00 06 11 16 23 31 38 46 53 
10  01 09 16 24 31 39 46 54 
11  01 09 16 24 31 39 46 54 
12  01 09 16 24 31 39 46 54 
13  01 09 16 24 31 39 46 54 
14  01 09 16 22 26 31 36 41 46 51 56 
15  01 06 11 16 21 26 31 36 41 46 51 56 
16  01 06 11 16 21 26 31 36 41 46 51 56 
17  01 06 11 16 21 26 31 36 41 46 51 56 
18  03 10 18 24 30 35 41 46 50 56 
19  03 10 18 26 33 41 48 55 
20  03 11 23 38 53 
21  08 23 38 53 
22  08 23 38 53 
23  08 
0 
