4 
5  12 28 43 58 
6  13 25 31 37 42 46 52 57 
7  02 07 12 17 22 27 32 37 42 47 52 57 
8  02 07 12 17 22 27 32 37 42 47 52 57 
9  02 07 12 17 22 27 33 38 43 50 58 
10  05 13 20 28 36 43 51 58 
11  06 13 21 28 36 43 51 58 
12  06 13 21 28 36 43 51 58 
13  06 13 23 30 38 45 53 
14  00 08 15 23 30 38 45 51 55 
15  00 05 10 15 20 25 30 35 40 45 50 55 
16  00 05 10 15 20 25 30 35 40 45 50 55 
17  00 05 10 15 20 25 30 35 40 45 50 55 
18  00 05 10 15 20 25 32 39 47 53 59 
19  04 10 15 18 23 30 37 45 53 
20  00 08 15 22 30 38 50 
21  05 20 35 50 
22  05 20 35 50 
23  05 20 34 
0 
