3 
4  53 
5  09 24 39 54 
6  06 12 18 23 27 33 38 43 48 53 58 
7  03 08 13 18 23 28 33 38 43 48 53 58 
8  03 08 13 18 23 28 33 38 43 48 53 58 
9  03 08 14 19 24 31 39 46 54 
10  01 09 17 24 32 39 47 54 
11  02 09 17 24 32 39 47 54 
12  02 09 17 24 32 39 47 54 
13  03 10 18 25 33 40 48 55 
14  03 10 18 25 31 35 40 45 50 55 
15  00 05 10 15 20 25 30 35 40 45 50 55 
16  00 05 10 15 20 25 30 35 40 45 50 55 
17  00 05 10 15 20 25 30 35 40 45 50 55 
18  00 05 12 19 27 33 39 44 50 55 59 
19  04 11 18 26 34 41 49 56 
20  03 11 19 31 46 
21  01 16 31 46 
22  01 16 31 46 
23  01 15 
0 
