4 
5  04 20 35 50 
6  05 17 23 29 34 38 44 49 54 59 
7  04 09 14 19 24 29 34 39 44 49 54 59 
8  04 09 14 19 24 29 34 39 44 49 54 59 
9  04 09 14 19 25 30 35 42 50 57 
10  05 12 20 28 35 43 50 58 
11  05 13 20 28 35 43 50 58 
12  05 13 20 28 35 43 50 58 
13  05 15 22 30 37 45 52 
14  00 07 15 22 30 37 43 47 52 57 
15  02 07 12 17 22 27 32 37 42 47 52 57 
16  02 07 12 17 22 27 32 37 42 47 52 57 
17  02 07 12 17 22 27 32 37 42 47 52 57 
18  02 07 12 17 24 31 39 45 51 56 
19  02 07 10 15 22 29 37 45 52 
20  00 07 14 22 30 42 57 
21  12 27 42 57 
22  12 27 42 57 
23  12 26 
0 
