3 
4  30 45 
5  00 15 30 42 48 54 59 
6  03 09 14 19 24 29 34 39 44 49 54 59 
7  04 09 14 19 24 29 34 39 44 49 54 59 
8  04 09 14 19 24 29 34 39 44 50 55 
9  00 07 15 22 30 37 45 53 
10  00 08 15 23 30 38 45 53 
11  00 08 15 23 30 38 45 53 
12  00 08 15 23 30 38 45 53 
13  00 08 15 23 30 38 45 53 
14  00 06 10 15 20 25 30 35 40 45 50 55 
15  00 05 10 15 20 25 30 35 40 45 50 55 
16  00 05 10 15 20 25 30 35 40 45 50 55 
17  00 05 10 15 20 25 30 35 40 47 54 
18  02 08 14 19 25 30 34 40 47 54 
19  02 10 17 25 32 39 47 55 
20  07 22 37 52 
21  07 22 37 52 
22  07 22 37 52 
23 
0 
