4 
5  18 34 49 
6  04 19 31 37 43 48 52 58 
7  03 08 13 18 23 28 33 38 43 48 53 58 
8  03 08 13 18 23 28 33 38 43 48 53 58 
9  03 08 13 18 23 28 33 39 44 49 56 
10  04 11 19 26 34 42 49 57 
11  04 12 19 27 34 42 49 57 
12  04 12 19 27 34 42 49 57 
13  04 12 19 29 36 44 51 59 
14  06 14 21 29 36 44 51 57 
15  01 06 11 16 21 26 31 36 41 46 51 56 
16  01 06 11 16 21 26 31 36 41 46 51 56 
17  01 06 11 16 21 26 31 36 41 46 51 56 
18  01 06 11 16 21 26 31 38 45 53 59 
19  05 10 16 21 24 29 36 43 51 59 
20  06 14 21 28 36 44 56 
21  11 26 41 56 
22  11 26 41 56 
23  11 26 40 
0 
1 
