3 
4  42 57 
5  12 27 42 54 
6  00 06 11 15 21 26 31 36 41 46 51 56 
7  01 06 11 16 21 26 31 36 41 46 51 56 
8  01 06 11 16 21 26 31 36 41 46 51 56 
9  02 07 12 19 27 34 42 49 57 
10  05 12 20 27 35 42 50 57 
11  05 12 20 27 35 42 50 57 
12  05 12 20 27 35 42 50 57 
13  05 12 20 27 35 42 50 57 
14  05 12 18 22 27 32 37 42 47 52 57 
15  02 07 12 17 22 27 32 37 42 47 52 57 
16  02 07 12 17 22 27 32 37 42 47 52 57 
17  02 07 12 17 22 27 32 37 42 47 52 59 
18  06 14 20 26 31 37 42 46 52 59 
19  06 14 22 29 37 44 51 59 
20  07 19 34 49 
21  04 19 34 49 
22  04 19 34 49 
23  04 
0 
