4 
5  03 19 34 49 
6  04 16 22 28 33 37 43 48 53 58 
7  03 08 13 18 23 28 33 38 43 48 53 58 
8  03 08 13 18 23 28 33 38 43 48 53 58 
9  03 08 13 18 24 29 34 41 49 56 
10  04 11 19 27 34 42 49 57 
11  04 12 19 27 34 42 49 57 
12  04 12 19 27 34 42 49 57 
13  04 14 21 29 36 44 51 59 
14  06 14 21 29 36 42 46 51 56 
15  01 06 11 16 21 26 31 36 41 46 51 56 
16  01 06 11 16 21 26 31 36 41 46 51 56 
17  01 06 11 16 21 26 31 36 41 46 51 56 
18  01 06 11 16 23 30 38 44 50 55 
19  01 06 09 14 21 28 36 44 51 59 
20  06 13 21 29 41 56 
21  11 26 41 56 
22  11 26 41 56 
23  11 25 
0 
