4 
5  06 22 37 52 
6  07 19 25 31 36 40 46 51 56 
7  01 06 11 16 21 26 31 36 41 46 51 56 
8  01 06 11 16 21 26 31 36 41 46 51 56 
9  01 06 11 16 21 27 32 37 44 52 59 
10  07 14 22 30 37 45 52 
11  00 07 15 22 30 37 45 52 
12  00 07 15 22 30 37 45 52 
13  00 07 17 24 32 39 47 54 
14  02 09 17 24 32 39 45 49 54 59 
15  04 09 14 19 24 29 34 39 44 49 54 59 
16  04 09 14 19 24 29 34 39 44 49 54 59 
17  04 09 14 19 24 29 34 39 44 49 54 59 
18  04 09 14 19 26 33 41 47 53 58 
19  04 09 12 17 24 31 39 47 54 
20  02 09 16 24 32 44 59 
21  14 29 44 59 
22  14 29 44 59 
23  14 28 
0 
