4 
5  16 32 47 
6  02 17 29 35 41 46 50 56 
7  01 06 11 16 21 26 31 36 41 46 51 56 
8  01 06 11 16 21 26 31 36 41 46 51 56 
9  01 06 11 16 21 26 31 37 42 47 54 
10  02 09 17 24 32 40 47 55 
11  02 10 17 25 32 40 47 55 
12  02 10 17 25 32 40 47 55 
13  02 10 17 27 34 42 49 57 
14  04 12 19 27 34 42 49 55 59 
15  04 09 14 19 24 29 34 39 44 49 54 59 
16  04 09 14 19 24 29 34 39 44 49 54 59 
17  04 09 14 19 24 29 34 39 44 49 54 59 
18  04 09 14 19 24 29 36 43 51 57 
19  03 08 14 19 22 27 34 41 49 57 
20  04 12 19 26 34 42 54 
21  09 24 39 54 
22  09 24 39 54 
23  09 24 38 
0 
1 
