4 
5  14 30 45 
6  00 15 27 33 39 44 48 54 59 
7  04 09 14 19 24 29 34 39 44 49 54 59 
8  04 09 14 19 24 29 34 39 44 49 54 59 
9  04 09 14 19 24 29 35 40 45 52 
10  00 07 15 22 30 38 45 53 
11  00 08 15 23 30 38 45 53 
12  00 08 15 23 30 38 45 53 
13  00 08 15 25 32 40 47 55 
14  02 10 17 25 32 40 47 53 57 
15  02 07 12 17 22 27 32 37 42 47 52 57 
16  02 07 12 17 22 27 32 37 42 47 52 57 
17  02 07 12 17 22 27 32 37 42 47 52 57 
18  02 07 12 17 22 27 34 41 49 55 
19  01 06 12 17 20 25 32 39 47 55 
20  02 10 17 24 32 40 52 
21  07 22 37 52 
22  07 22 37 52 
23  07 22 36 
0 
1 
