4 
5  17 33 48 
6  03 18 30 36 42 47 51 57 
7  02 07 12 17 22 27 32 37 42 47 52 57 
8  02 07 12 17 22 27 32 37 42 47 52 57 
9  02 07 12 17 22 27 32 38 43 48 55 
10  03 10 18 25 33 41 48 56 
11  03 11 18 26 33 41 48 56 
12  03 11 18 26 33 41 48 56 
13  03 11 18 28 35 43 50 58 
14  05 13 20 28 35 43 50 56 
15  00 05 10 15 20 25 30 35 40 45 50 55 
16  00 05 10 15 20 25 30 35 40 45 50 55 
17  00 05 10 15 20 25 30 35 40 45 50 55 
18  00 05 10 15 20 25 30 37 44 52 58 
19  04 09 15 20 23 28 35 42 50 58 
20  05 13 20 27 35 43 55 
21  10 25 40 55 
22  10 25 40 55 
23  10 25 39 
0 
1 
