3 
4  39 54 
5  09 24 39 51 57 
6  03 08 12 18 23 28 33 38 43 48 53 58 
7  03 08 13 18 23 28 33 38 43 48 53 58 
8  03 08 13 18 23 28 33 38 43 48 53 59 
9  04 09 16 24 31 39 46 54 
10  02 09 17 24 32 39 47 54 
11  02 09 17 24 32 39 47 54 
12  02 09 17 24 32 39 47 54 
13  02 09 17 24 32 39 47 54 
14  02 09 15 19 24 29 34 39 44 49 54 59 
15  04 09 14 19 24 29 34 39 44 49 54 59 
16  04 09 14 19 24 29 34 39 44 49 54 59 
17  04 09 14 19 24 29 34 39 44 49 56 
18  03 11 17 23 28 34 39 43 49 56 
19  03 11 19 26 34 41 48 56 
20  04 16 31 46 
21  01 16 31 46 
22  01 16 31 46 
23  01 
0 
