3 
4  25 40 55 
5  10 25 37 43 49 54 58 
6  03 08 13 18 23 28 33 38 43 48 53 58 
7  03 08 13 18 23 28 33 38 43 48 53 58 
8  03 08 13 18 23 28 33 38 44 49 54 
9  01 09 16 24 31 39 47 54 
10  02 09 17 24 32 39 47 54 
11  02 09 17 24 32 39 47 54 
12  02 09 17 24 32 39 47 54 
13  02 09 17 24 32 39 47 54 
14  00 04 09 14 19 24 29 34 39 44 49 54 59 
15  04 09 14 19 24 29 34 39 44 49 54 59 
16  04 09 14 19 24 29 34 39 44 49 54 59 
17  04 09 14 19 24 29 34 41 48 56 
18  02 08 13 19 24 28 34 41 48 56 
19  04 11 19 26 33 41 49 
20  02 17 32 47 
21  02 17 32 47 
22  02 17 32 47 
23 
0 
