3 
4  48 
5  03 18 33 48 
6  00 06 12 17 21 27 32 37 42 47 52 57 
7  02 07 12 17 22 27 32 37 42 47 52 57 
8  02 07 12 17 22 27 32 37 42 47 52 57 
9  02 08 13 18 25 33 40 48 55 
10  03 11 18 26 33 41 48 56 
11  03 11 18 26 33 41 48 56 
12  03 11 18 26 33 41 48 56 
13  03 11 18 26 33 41 48 56 
14  03 11 18 24 28 33 38 43 48 53 58 
15  03 08 13 18 23 28 33 38 43 48 53 58 
16  03 08 13 18 23 28 33 38 43 48 53 58 
17  03 08 13 18 23 28 33 38 43 48 53 58 
18  05 12 20 26 32 37 43 48 52 58 
19  05 12 20 28 35 43 50 57 
20  05 13 25 40 55 
21  10 25 40 55 
22  10 25 40 55 
23  10 
0 
