3 
4  31 46 
5  01 16 31 43 49 55 
6  00 04 10 15 20 25 30 35 40 45 50 55 
7  00 05 10 15 20 25 30 35 40 45 50 55 
8  00 05 10 15 20 25 30 35 40 45 51 56 
9  01 08 16 23 31 38 46 54 
10  01 09 16 24 31 39 46 54 
11  01 09 16 24 31 39 46 54 
12  01 09 16 24 31 39 46 54 
13  01 09 16 24 31 39 46 54 
14  01 07 11 16 21 26 31 36 41 46 51 56 
15  01 06 11 16 21 26 31 36 41 46 51 56 
16  01 06 11 16 21 26 31 36 41 46 51 56 
17  01 06 11 16 21 26 31 36 41 48 55 
18  03 09 15 20 26 31 35 41 48 55 
19  03 11 18 26 33 40 48 56 
20  08 23 38 53 
21  08 23 38 53 
22  08 23 38 53 
23 
0 
