3 
4  24 39 54 
5  09 24 36 42 48 53 57 
6  02 07 12 17 22 27 32 37 42 47 52 57 
7  02 07 12 17 22 27 32 37 42 47 52 57 
8  02 07 12 17 22 27 32 37 43 48 53 
9  00 08 15 23 30 38 46 53 
10  01 08 16 23 31 38 46 53 
11  01 08 16 23 31 38 46 53 
12  01 08 16 23 31 38 46 53 
13  01 08 16 23 31 38 46 53 59 
14  03 08 13 18 23 28 33 38 43 48 53 58 
15  03 08 13 18 23 28 33 38 43 48 53 58 
16  03 08 13 18 23 28 33 38 43 48 53 58 
17  03 08 13 18 23 28 33 40 47 55 
18  01 07 12 18 23 27 33 40 47 55 
19  03 10 18 25 32 40 48 
20  01 16 31 46 
21  01 16 31 46 
22  01 16 31 46 
23 
0 
