3 
4  34 49 
5  04 19 34 46 52 58 
6  03 07 13 18 23 28 33 38 43 48 53 58 
7  03 08 13 18 23 28 33 38 43 48 53 58 
8  03 08 13 18 23 28 33 38 43 48 54 59 
9  04 11 19 26 34 41 49 57 
10  04 12 19 27 34 42 49 57 
11  04 12 19 27 34 42 49 57 
12  04 12 19 27 34 42 49 57 
13  04 12 19 27 34 42 49 57 
14  04 10 14 19 24 29 34 39 44 49 54 59 
15  04 09 14 19 24 29 34 39 44 49 54 59 
16  04 09 14 19 24 29 34 39 44 49 54 59 
17  04 09 14 19 24 29 34 39 44 51 58 
18  06 12 18 23 29 34 38 44 51 58 
19  06 14 21 29 36 43 51 59 
20  11 26 41 56 
21  11 26 41 56 
22  11 26 41 56 
23 
0 
