3 
4  41 56 
5  11 26 41 53 59 
6  05 10 14 20 25 30 35 40 45 50 55 
7  00 05 10 15 20 25 30 35 40 45 50 55 
8  00 05 10 15 20 25 30 35 40 45 50 55 
9  01 06 11 18 26 33 41 48 56 
10  04 11 19 26 34 41 49 56 
11  04 11 19 26 34 41 49 56 
12  04 11 19 26 34 41 49 56 
13  04 11 19 26 34 41 49 56 
14  04 11 17 21 26 31 36 41 46 51 56 
15  01 06 11 16 21 26 31 36 41 46 51 56 
16  01 06 11 16 21 26 31 36 41 46 51 56 
17  01 06 11 16 21 26 31 36 41 46 51 58 
18  05 13 19 25 30 36 41 45 51 58 
19  05 13 21 28 36 43 50 58 
20  06 18 33 48 
21  03 18 33 48 
22  03 18 33 48 
23  03 
0 
