3 
4  55 
5  11 26 41 56 
6  08 14 20 25 29 35 40 45 50 55 
7  00 05 10 15 20 25 30 35 40 45 50 55 
8  00 05 10 15 20 25 30 35 40 45 50 55 
9  00 05 10 16 21 26 33 41 48 56 
10  03 11 19 26 34 41 49 56 
11  04 11 19 26 34 41 49 56 
12  04 11 19 26 34 41 49 56 
13  05 12 20 27 35 42 50 57 
14  05 12 20 27 33 37 42 47 52 57 
15  02 07 12 17 22 27 32 37 42 47 52 57 
16  02 07 12 17 22 27 32 37 42 47 52 57 
17  02 07 12 17 22 27 32 37 42 47 52 57 
18  02 07 14 21 29 35 41 46 52 57 
19  01 06 13 20 28 36 43 51 58 
20  05 13 21 33 48 
21  03 18 33 48 
22  03 18 33 48 
23  03 17 
0 
