3 
4  40 55 
5  10 25 40 52 58 
6  04 09 13 19 24 29 34 39 44 49 54 59 
7  04 09 14 19 24 29 34 39 44 49 54 59 
8  04 09 14 19 24 29 34 39 44 49 54 
9  00 05 10 17 25 32 40 47 55 
10  03 10 18 25 33 40 48 55 
11  03 10 18 25 33 40 48 55 
12  03 10 18 25 33 40 48 55 
13  03 10 18 25 33 40 48 55 
14  03 10 16 20 25 30 35 40 45 50 55 
15  00 05 10 15 20 25 30 35 40 45 50 55 
16  00 05 10 15 20 25 30 35 40 45 50 55 
17  00 05 10 15 20 25 30 35 40 45 50 57 
18  04 12 18 24 29 35 40 44 50 57 
19  04 12 20 27 35 42 49 57 
20  05 17 32 47 
21  02 17 32 47 
22  02 17 32 47 
23  02 
0 
